- Run 122, 124 (Broad, right)
7 frequencies found:
id, Freq, CtsUp, CtsDown, Asymm, AsymmError
0, 1300, 45013, 38870, 0.073233, 0.00344346
1, 2010, 44253, 39175, 0.0608669, 0.00345572
2, 2070, 44744, 39164, 0.0665014, 0.00344458
3, 2130, 45689, 39722, 0.0698622, 0.00341335
4, 2190, 45904, 40039, 0.0682429, 0.00340315
5, 2250, 45751, 39747, 0.0702239, 0.00341152
6, 2500, 45414, 39316, 0.0719698, 0.00342652
Total Data taking time: 196.85 min.

- Run 139, 142, 143 (Broad, left)
7 frequencies found:
id, Freq, CtsUp, CtsDown, Asymm, AsymmError
0, 1300, 72733, 63404, 0.0685266, 0.00270389
1, 1770, 76040, 66215, 0.0690661, 0.00264501
2, 1830, 77886, 67464, 0.0717028, 0.00261621
3, 1890, 79446, 68904, 0.0710617, 0.00258974
4, 1950, 75530, 65656, 0.0699361, 0.00265485
5, 2010, 75146, 65504, 0.0685531, 0.00266016
6, 2500, 71290, 61354, 0.0749073, 0.00273801
Total Data taking time: 181.485 min.

- Run 125, 127 - 130 (Broad, center 6 gauss)
7 frequencies found:
id, Freq, CtsUp, CtsDown, Asymm, AsymmError
0, 1300, 46619, 41086, 0.0630865, 0.00336994
1, 1890, 47930, 41513, 0.071744, 0.00333508
2, 1950, 47516, 41857, 0.0633189, 0.00333829
3, 2010, 47738, 42334, 0.0599964, 0.003326
4, 2070, 46762, 41485, 0.0597981, 0.00336025
5, 2130, 45299, 40108, 0.0607796, 0.00341546
6, 2500, 45634, 40039, 0.0653065, 0.00340918
Total Data taking time: 193.371 min.

- Run 131, 132, 157 - 177 (Broad, center 3 gauss)
7 frequencies found:
id, Freq, CtsUp, CtsDown, Asymm, AsymmError
0, 1300, 52644, 46637, 0.060505, 0.00316789
1, 1890, 109508, 93735, 0.0776066, 0.00221147
2, 1950, 107841, 91908, 0.0797651, 0.00223034
3, 2010, 106232, 91196, 0.0761594, 0.00224405
4, 2070, 109732, 93037, 0.0823351, 0.00221321
5, 2130, 111257, 94244, 0.0827879, 0.00219836
6, 2500, 109559, 93258, 0.0803729, 0.0022133
Total Data taking time: 302.065 min.
